# Generated by tools/mkemoji.py: code point, colour, 10 rows of 11 pixels.
1f602  3 00011111000 00111111100 01011111010 01101110110 10011111001 00111111100 00001110000 01100000110 00111111100 00011111000  # 😂
1f923  3 00011110000 00111110000 01110000000 11110000010 11111110010 10001110010 11011101110 01000011100 01000111000 00001110000  # 🤣
1f62d 11 00011110000 01111111100 01011111110 11001110010 11001100110 11001100110 11001100110 01000000100 00001100000 00000000000  # 😭
1f60d  9 00011110000 01111111100 01111111100 11111111110 11111111110 11111111110 11111111110 01100001100 01110011100 00011111000  # 😍
1f970  9 00000000110 00111111110 01101101110 01101101100 11111111110 11111110110 11100001100 01111111100 00111111100 00001111100  # 🥰
1f618  3 00011110000 01111111100 01011111100 11101100110 11101100110 11111111110 11111011110 01111011110 01111111100 00011111000  # 😘
1f60a  3 00011110000 01111111100 01111111100 11101101110 11001100110 11111111110 11101111110 01100001100 01111111100 00011111000  # 😊
1f601 11 00011110000 01111111100 01111111100 11101101110 11001100110 11111111110 11111111110 01111111100 01111111100 00011111000  # 😁
1f600  3 00011110000 01111111100 01111111100 11101101110 11101101110 11111111110 11001100110 01000000100 01111111100 00011110000  # 😀
1f603  3 00011110000 01111111100 01101111100 11101101110 11101101110 11111111110 11001100110 01000000100 01111111100 00011111000  # 😃
1f604  3 00011110000 01111111100 01111111100 11101101110 11001100110 11111111110 11001100110 01000000100 01111111100 00011111000  # 😄
1f606  3 00011110000 01111111100 01111111100 11001100110 11001100110 11111111110 11001100110 01000000100 01111111100 00011111000  # 😆
1f605  3 00011110000 01111111000 01111111000 11101101000 11001100110 11111111110 11001100110 01000000100 01111111100 00011111000  # 😅
1f609  3 00011110000 01111111100 01011111100 11111110110 11101100110 11111111110 11100001110 01100001100 01111111100 00011111000  # 😉
1f642  3 00011110000 01111111100 01111111100 11101101110 11101101110 11111111110 11101101110 01110011100 01111111100 00011111000  # 🙂
1f643  3 00011110000 01111111100 01110011100 11101101110 11111111110 11101101110 11101101110 01111111100 01111111100 00011111000  # 🙃
1f60b  3 00011110000 01111111100 01111111100 11101100110 11011101110 11111111110 11111111110 01001111100 01110011100 00011111100  # 😋
1f61b  3 00011110000 01111111100 01111111110 11101101110 11101101110 11111111110 11000000110 01001110100 00111111000 00001100000  # 😛
1f61c  3 00011110000 01111111100 01111111110 11001101110 11001101110 11111111110 11000000110 01001110100 00111111000 00001100000  # 😜
1f92a 11 00011110000 01111111100 01111101110 11111101110 11011111110 11111100010 11000100110 01001100100 00111111000 00001100000  # 🤪
1f61d  3 00011110000 01111111100 01111111110 11011110110 11001100110 11111111110 11000000110 01001110100 00111111000 00001100000  # 😝
1f917  3 00011111000 00111111100 01111100110 01100111110 11111110011 11100000111 01111111110 11111111111 11111111111 01111111110  # 🤗
1f92d  3 00011110000 01111111100 01111111100 11000100110 11111111110 11111111110 11111111110 01111111100 01111111100 00011111000  # 🤭
1f92b  3 00011110000 01111111100 01111111110 11101100110 11111111110 11111111110 11111111110 01111111100 00111111000 00001110000  # 🤫
1f914  3 00000110000 01101100100 01101101100 11111101110 11100011110 11111111110 11111111110 11111111100 11111111000 01111100000  # 🤔
1f928  3 00011110000 01111110100 01111100100 11001111110 11101100110 11101101110 11111111110 01110011100 01111111100 00011111000  # 🤨
1f610  3 00011110000 01111111100 01111111100 11101101110 11101100110 11111111110 11100001110 01111111100 01111111100 00011111000  # 😐
1f611  3 00011110000 01111111100 01111111100 11111111110 11101100110 11111111110 11100001110 01111111100 01111111100 00011110000  # 😑
1f636  3 00011110000 01111111100 01111111100 11101101110 11101100110 11111111110 11111111110 01111111100 01111111100 00011110000  # 😶
1f60f  3 00011110000 01111111100 01111111100 11011111010 11001100110 11101110110 11111111110 01111001100 01110011100 00011111000  # 😏
1f612  3 00011110000 01111111100 01111111100 10011110010 11001100110 11101110110 11111111110 01100001100 01111111100 00011111000  # 😒
1f644 11 00011110000 01111111100 01111111100 11001100110 11111111110 11111111110 11111111110 01110011100 01111111100 00011111000  # 🙄
1f62c 11 00011110000 01111111100 01111111100 11101101110 11101101110 11111111110 11111111110 01111111100 01111111100 00011111000  # 😬
1f62e  3 00011110000 01111111100 01111111100 11101101110 11101101110 11111111110 11100001110 01100001100 01110011100 00011111000  # 😮
1f62f  3 00011110000 01111111100 01011110100 11111111110 11001100110 11111111110 11111011110 01110011100 01110011100 00011111000  # 😯
1f632  3 00011110000 01111111100 01111111100 11101101110 11101100110 11111111110 11111111110 01110011100 01110011100 00011111000  # 😲
1f633 11 00011110000 01001110100 01111111100 11111111110 11001110110 11111111110 11111111110 01110011100 01110011100 00011111000  # 😳
1f97a  3 00011110000 01111111100 01111111100 11111110110 11100110110 11000100110 11101111110 01111011100 01110011100 00011111000  # 🥺
1f622  3 00011110000 01111111100 01111110100 11111111110 11101100110 11011111110 11000011110 01000001100 01001111100 00011111000  # 😢
1f625  3 00011111000 00111111110 01101111110 11111111111 10101110111 10100110111 00011111111 00010001110 00011111110 00011111000  # 😥
1f613  3 00011110000 00011111100 00011111100 10001111110 11011111110 11001100110 11111111110 01110011100 01111101100 00011110000  # 😓
1f629  3 00011110000 01111111100 01101111100 11111101110 11001100110 11111111110 11100001110 01000000100 01111111100 00011111000  # 😩
1f62b  3 00011110000 01111111100 01111111100 11001100110 11001100110 11111111110 11100001110 01000000100 01111111100 00011111000  # 😫
1f624 11 00011111000 00101110100 01110101110 11111111111 11100100111 11111111111 11110001111 11111111111 11111111111 00011111000  # 😤
1f620  3 00011110000 01111111100 01111111100 11111111110 11111111110 11100101110 11101101110 01110001100 01101101100 00011111000  # 😠
1f621  9 00011110000 01111111100 01111111100 11111111110 11111111110 11100101110 11101101110 01110011100 01101101100 00011110000  # 😡
1f92c  1 00011110000 01111111100 01111111100 11111111110 11101101110 11101101110 10000000110 00000000000 00000000000 00011000000  # 🤬
1f608  5 10000000010 11111111110 11111111110 01111111100 01111111100 11100101110 01101101100 01100001100 00110011100 00011110000  # 😈
1f480  7 00011110000 00111111000 01111111100 01111111100 01001100100 01001100100 01110011100 00111111000 00011111000 00011110000  # 💀
02620  7 01000000100 11000100110 00111111000 00111111000 00101101000 00101101000 00110011000 00111111000 11001110110 01000000100  # ☠
1f4a9  8 00001000000 00011100000 00011111000 00111111000 01111111100 01101101110 11111111110 11111101110 01110001100 00111111000  # 💩
1f921 13 00001110000 00001110000 00011111000 00101110100 11100000111 11110001111 11111011111 01100000110 00110001100 00011111000  # 🤡
1f47b  7 00001110000 00011111000 10101111010 11111111110 01100001100 00101101000 00111111000 00111111000 00011111000 00001111000  # 👻
1f47d  8 00011110000 01111111100 01111111100 10011110010 10001100010 10000100010 01001100100 00110001100 00011111000 00001100000  # 👽
1f916 13 00001100000 00001100000 00000000000 01111111100 11111111110 11111111110 11111111110 11111111110 11111111110 01111111100  # 🤖
1f63a  3 01100000110 01110001110 01111111110 01111111110 01101110110 01101110110 01111011110 01110001110 00111011100 00011111000  # 😺
1f639 11 01100000110 01110001110 01111111110 01111111110 01111111110 01101110110 00111011100 00101010100 00101110100 00011111000  # 😹
1f63b  9 01100000110 01110001110 01111111110 01111111110 01111111110 01111111110 01111011110 01110001110 00111011100 00011111000  # 😻
1f63c  3 01100000110 01110001110 01111111110 01111111110 01101111110 01101110110 01111011110 01111000110 00111111100 00011111000  # 😼
1f63d  3 01100000110 01110001110 01111111110 01111111110 01111111110 01101110110 01111011110 01111101110 00111001100 00011111000  # 😽
1f640  3 00100001000 01100001100 01111111100 01111111100 01111111100 01110011100 01111111100 01110011100 00110011000 00110011100  # 🙀
1f63f  3 11100000011 11111111111 01111111110 01111111110 01101110110 01101011110 01001011110 00000101100 00011111000 00000000000  # 😿
1f63e  3 01100000110 01100000110 01111111110 01111111110 01111111110 01101110110 01111011110 01111011110 00110101100 00011111000  # 😾
1f634  3 00001100000 00111000000 01111011100 11111111110 11001100110 11101101110 11111111110 01110011100 01111111100 00011110000  # 😴
1f924  3 00011110000 01111110100 01011111110 11101100110 11011111110 11111111110 11100001110 01110001100 00111001000 00001000000  # 🤤
1f62a  3 00011111000 01111111100 01011111010 10111111111 11000100011 11111110011 11111000000 01110000000 01111111000 00011111000  # 😪
1f635  3 00011110000 01111111100 01111111100 11011101110 11001100110 11011110110 11110011110 01100001100 01110011100 00011111000  # 😵
1f92f 11 00001110000 00111111100 01111111100 01111111110 00111111111 01111111110 11101110111 01111111110 01110001110 00011001000  # 🤯
1f971  3 00011110000 01111111100 01101101110 11011110110 11110011110 11100101110 11111110110 01111101100 01111111000 00111000000  # 🥱
1f920  1 00011110000 00011110000 01111111100 00111111000 01111111100 01101101100 01111111100 01101101100 00100001000 00011110000  # 🤠
1f973  3 00000000010 00000000100 00011111100 00111111100 01100101100 01111111100 01111011000 00111000000 00111111000 00011110000  # 🥳
1f60e  1 00011111000 00111111100 00001110000 00000000000 00000100000 10000110001 11110100111 01110001110 00111111100 00011111000  # 😎
1f913  9 00011111000 00111111100 00000000000 01100000010 01100100010 10001110001 11001110011 01100000110 00111111100 00011111000  # 🤓
1f9d0  3 00011110000 01111100100 01011111100 11011111110 11001111010 11111010110 11111111110 01100011100 01111111000 00011110000  # 🧐
1f615  3 00011110000 01111111100 01111111100 11101101110 11101101110 11111111110 11110001110 01111111100 01111111100 00011111000  # 😕
1f61f  3 00011110000 01111111100 01011110100 11111111110 11101101110 11101101110 11111111110 01100001100 01111111100 00011111000  # 😟
1f641  3 00011110000 01111111100 01111111100 11101101110 11101101110 11111111110 11110011110 01101101100 01111111100 00011110000  # 🙁
02639  3 00011110000 01111111100 01111111100 11101101110 11101101110 11111111110 11100001110 01011110100 01111111100 00011111000  # ☹
1f623  3 00011110000 01111111100 01111111100 11011110110 11101100110 11000100110 11111111110 01110001100 01111111100 00011111000  # 😣
1f616  3 00011110000 01111111100 01111111100 11111111110 11001110110 11000100110 11111111110 01100000100 01101111100 00011111000  # 😖
1f61e  3 00011110000 01111111100 01111111100 11111111110 11111111110 11101101110 11011110110 01110011100 01111101100 00011111000  # 😞
1f614  3 00011110000 01111111100 01111111100 11011110110 11111111110 11001100110 11111111110 01110011100 01111111100 00011110000  # 😔
1f60c  3 00011110000 01111111100 01011110100 11111111110 11001100110 11111111110 11111111110 01110001100 01111011100 00011111000  # 😌
1f607 11 00000000000 00111110000 00000000000 11111111110 11001100110 11111111110 11111111110 01110011100 01111111100 00011110000  # 😇
1f929  9 00011110000 01111111100 01111111110 11111111110 11111111110 11111111110 11001100110 01000000100 01111111100 00011111000  # 🤩
1f61a  3 00011110000 01111111100 01011110100 11101111110 11001100110 11111011110 11111011110 01111011100 01111111100 00011111000  # 😚
1f619  3 00011110000 01111111100 01111111100 11101101110 11001100110 11111011110 11111011110 01111011100 01111111100 00011110000  # 😙
1f617  3 00011110000 01111111100 01111111100 11101101110 11101101110 11111011110 11111011110 01111011100 01111111100 00011111000  # 😗
1f910  3 00011111000 01111111100 01111111110 11101110111 11101110111 11111111111 11111111111 01111111111 01111111111 00011111000  # 🤐
1f922  3 00011110000 01111111100 01111111100 11001100110 11101101110 11111111110 11100101110 01111111110 01111111100 00011111000  # 🤢
1f92e  3 00011110000 01111111100 01111111110 11001110110 11000100110 11111111110 11111111110 01011110100 00011110000 00111111000  # 🤮
1f927 11 00011110000 01111111100 01111111110 11001100110 11000100110 11111111110 11111100010 11111000100 01111111000 00110000000  # 🤧
1f637 11 00011110000 01111111100 01111111100 11101101110 11101101110 11111111110 11111111110 01111111100 01111111100 00011111000  # 😷
1f912  3 00011111000 01111111100 01101110110 11101110111 11100100101 11111111011 11110000111 01111111110 01111111100 00011111000  # 🤒
1f915 11 00011111000 00111111110 01111111110 11111111111 11111110111 11100110111 11111111111 01111000110 00111111110 00011111000  # 🤕
1f975  9 00011111000 01111111110 01101110111 11101111000 11100100100 11111111111 01110111111 00001110110 00011111100 00011111000  # 🥵
1f976 14 00011110000 01111111100 01111111110 11101101110 11111111110 11111111110 11111111110 11111111100 01111111000 00001000000  # 🥶
1f974  3 00011110000 01111111100 01111111100 11001100110 11101101110 11111111110 11011111110 01000010100 01111111100 00011111000  # 🥴
1f631 11 00000000000 01111111100 01111111100 11111111110 11111111110 11111111110 11110011110 11110011110 01110011100 00111111100  # 😱
1f628  8 00010010000 01111111100 01011110100 11111111110 11101101110 11101101110 11111011110 01100001100 01110001100 00011111000  # 😨
1f630  8 00011111000 00111111110 01101111110 11111111111 10100110111 10101110111 00011001111 00000000110 00110001110 00011111000  # 😰
02764  9 01110001110 11111011111 11111111111 11111111111 11111111111 01111111110 00111111100 00111111000 00001110000 00000100000  # ❤
1f9e1  3 01110001110 11111011111 11111111111 11111111111 11111111111 01111111110 00111111100 00011111100 00001110000 00000100000  # 🧡
1f49b  3 01110001110 11111011111 11111111111 11111111111 11111111111 01111111110 00111111100 00011111100 00001110000 00000100000  # 💛
1f49a  8 01110001110 11111011111 11111111111 11111111111 11111111111 01111111110 00111111100 00011111100 00001110000 00000100000  # 💚
1f499  4 01110001110 11111011111 11111111111 11111111111 11111111111 01111111110 00111111100 00111111000 00001110000 00000100000  # 💙
1f49c  5 01110001110 11111011111 11111111111 11111111111 11111111111 01111111110 00111111100 00011111100 00001110000 00000100000  # 💜
1f5a4  8 01110001110 11111011111 11111111111 11111111111 11111111111 01111111110 00111111100 00111111000 00001110000 00000100000  # 🖤
1f90d  7 01110001110 11111011111 11111111111 11111111111 11111111111 01111111110 00111111100 00011111100 00001110000 00000100000  # 🤍
1f90e  9 01110001110 11111011111 11111111111 11111111111 11111111111 01111111110 00111111100 00011111100 00001110000 00000100000  # 🤎
1f497  1 01110001110 10010011001 11111111110 11111111110 01111111110 01111111110 00111111100 00011111000 00001110000 00000100000  # 💗
1f496  9 00110000100 01111011111 11111111111 11111111111 11111111111 01111111110 00111111110 00111111100 00011111000 00000100000  # 💖
1f495  9 00000000110 00000111110 01100111110 11110011100 11111110100 11111111000 11111111000 11111111000 01111110000 01110000000  # 💕
1f493  9 01000000010 01000000110 01111011110 01111111110 01111111110 01111111110 00111111100 01011111010 00101110000 00000100000  # 💓
1f49e  5 00000111110 00110111110 01000111110 00000011100 11111111010 11111110110 11111111100 01111101100 00111000000 00010000000  # 💞
1f498  9 11000000000 11010001000 00111111100 01111111110 01111111110 00111111100 00011111000 00001111100 00000101110 00000000100  # 💘
1f49d  9 01110001110 11111111111 11111111111 11111111111 11111111111 01111111110 00111111110 00011111100 00001111000 00000100000  # 💝
1f494  9 01110001110 11111011111 11111111111 11111111111 11111111111 01111011110 01111011110 00111111100 00011111000 00001010000  # 💔
02763  9 00110011000 01111111100 01111111100 01111111100 00111111000 00011110000 00001100000 00000000000 00001100000 00001100000  # ❣
1f48b  1 00001111110 00011111110 00011110110 01111100110 11111001110 11110001110 11100011110 11001111100 11111111000 01111110000  # 💋
1f44d  3 00000110000 00000110000 00000110000 00001110000 00011111110 00111111110 01111111110 01111111110 01111111100 00001111100  # 👍
1f44e  3 00001111100 01111111100 01111111110 01111111110 00111111110 00011111110 00001111000 00000110000 00000110000 00000110000  # 👎
1f44c  3 00001100000 00001110000 00001110000 00001111000 00011111000 00110011000 00100011000 00110111000 00011111000 00001110000  # 👌
0270c  3 00001001000 00001101000 00001111000 00001111000 00111110000 00111110000 00111111000 00111111000 00011110000 00011110000  # ✌
1f91e  3 00000110000 00000110000 00000110000 00000110000 00111111000 00111111000 00111111000 00111111000 00011111000 00011110000  # 🤞
1f91f  3 00000001000 00000011000 01000011000 01111110000 01111110010 00111111110 00111111100 00111111000 00111110000 00011100000  # 🤟
1f918  3 00000000100 00000000100 00100001100 00111111100 00111111100 00011111100 00011111100 00011111100 00011111100 00001111000  # 🤘
1f919  3 00000100000 00000100000 00001100000 00011111000 01111111100 01111111100 01111111100 01111111100 00011111100 00000001110  # 🤙
1f448  3 00000010000 00000010000 00000011000 11111111110 01111111111 00001111111 00001111111 00001111111 00000111100 00000000000  # 👈
1f449  3 00001000000 00001000000 00011000000 01111111111 11111111110 11111110000 11111110000 11111110000 00111100000 00000000000  # 👉
1f446  3 00001000000 00001000000 00001000000 00001100000 00001111100 01111111100 00111111100 00011111100 00001111100 00000111000  # 👆
1f447  3 00111000000 01111100000 01111110000 01111111000 01111111100 01111100000 00011100000 00000100000 00000100000 00000100000  # 👇
0261d  3 00000010000 00000011000 00000011000 00001111000 00111111000 00111111000 00111111000 00111111000 00011111000 00011110000  # ☝
0270b  3 00001000000 00111100000 01111100000 01111100000 01111100000 01111111100 01111111000 01111110000 01111110000 00111100000  # ✋
1f91a  3 00000110000 00001111000 00001111100 00001111100 00001111100 01111111100 00111111100 00011111100 00011111100 00001111000  # 🤚
1f590  3 00000100000 00010101000 01010111000 01111111000 01111110000 00111111110 00111111100 00111111000 00111111000 00011110000  # 🖐
1f44b  3 00000000000 00011110100 00101010000 00111110110 00011111110 00111111110 00011111110 00001111110 00001111100 00000111000  # 👋
1f44f  3 00000000000 00000000000 00111100000 00111111110 01111111110 01111111110 00111111110 00111111110 00011111100 00001111000  # 👏
1f64c  3 00000000000 00000000000 01100001100 11110001110 11110001110 11111111110 11110011110 11110011110 01100001100 01100001100  # 🙌
1f450  3 00000000000 00000000000 00100000100 01110000110 01111011111 11111111111 01111111110 00111011100 00000000000 00000000000  # 👐
1f932  3 00111001100 00111011100 01111111110 01111111111 11111111111 11111111111 11111111111 01111111110 00111011100 00000000000  # 🤲
1f64f  3 00000100000 00001110000 00001110000 00001110000 00001110000 00011111000 00011111000 00011111000 00000000000 00000000000  # 🙏
1f91d  3 00000000000 10000000011 11111111111 11111111111 11111111111 01111111110 00111111100 00111111100 00011110000 00000000000  # 🤝
1f4aa  3 00000100000 00011110000 00011100000 00110000000 00110000000 01110111000 01111111100 01111111100 01111111100 00111111000  # 💪
1f440  7 00000000000 00110001110 01111011110 10111111111 00111100111 00011100011 10111100111 01111011110 01110001110 00000000000  # 👀
1f441  8 00000000000 00011111000 00111111100 01111001110 11110001111 11110001111 01111111110 00111111100 00011111000 00000000000  # 👁
1f444  5 00000000000 00011111000 00111111100 01111111110 10000000001 11000000011 01111111100 00011111000 00000000000 00000000000  # 👄
1f595  3 00001000000 00001100000 00001100000 00011110000 00011111000 00111111000 00111111000 00111111000 00011110000 00001110000  # 🖕
1f525  9 00001100000 00001110000 00001110000 00111110000 01111110000 01111111100 01111111100 01111111100 00111111000 00011110000  # 🔥
02728  3 00000000000 00010010000 00010010000 00000011000 00001111100 00001111100 01100011000 11100010000 01000010000 00000000000  # ✨
02b50 11 00000100000 00000110000 00001110000 01111111110 11111111111 00111111100 00011111100 00111111100 00111111100 00100000100  # ⭐
1f31f 11 00000000000 00001100000 00101101000 11111111110 01111111100 00111111000 11111111010 00111111000 00110011000 00000100000  # 🌟
1f4ab  3 01110000000 01001000000 00000110000 00010011000 01110001000 01111000100 11111100010 00110110110 00010111110 00000011100  # 💫
1f4a5  3 00000000000 01000100100 00110111100 00111111100 01111111100 01111111100 00111111100 01111111100 00011010100 00000000000  # 💥
1f4af  9 00101001100 11111101010 00110111010 01010110010 01010110010 10011001100 10000110000 00110001100 00111100000 11000000000  # 💯
1f4a2  9 00100001000 00110011000 11011110110 01100001100 00100001000 00100001000 01100001100 11011110110 00110011000 00100000000  # 💢
1f4a6 14 00011111100 00011111110 00001111110 01100111110 01110011100 01110000000 11111011100 11111011110 11110001110 01100001110  # 💦
1f4a8  7 00000011100 01011111100 01011111110 00011111111 11111111111 00001111111 11111111110 01011111110 01101111110 00000111100  # 💨
1f4a4  4 00001110000 00001110000 00000110000 00000100011 11111111010 00100000111 00100000000 00111000000 01100000000 00000000000  # 💤
1f389  9 00011001000 00010010010 00011111110 00011010100 00111110000 00111101000 01110000000 01111100000 11110001000 11000000010  # 🎉
1f38a  9 00011001100 00111011110 00110011110 00110000000 00110001000 00110000100 00110000010 00010000000 00100000000 01000000000  # 🎊
1f388  9 00001110000 00011111000 00111111000 00111111100 00111111000 00011111000 00001111000 00000110000 00000010000 00000000000  # 🎈
1f381  9 00110001100 00111111100 01111101110 01100100110 01111111110 01111111110 01111111110 01111111110 00111111100 00001110000  # 🎁
1f382 11 00000000000 00001110000 00001110000 00011110000 01111111100 01111111100 01111111100 01111111100 01111111100 00111111000  # 🎂
1f370 11 00000110000 00001111000 00011111110 00111111110 00111111110 01111111110 01111111110 01111111110 01111111110 01111100000  # 🍰
1f384  8 00001000000 00001100000 00011110000 00011110000 00011110000 00111111000 00111111000 01111111100 00111110000 00001100000  # 🎄
1f3c6  3 00011110000 11111111110 10111111010 01111111100 00111111000 00111111000 00001100000 00001100000 00011110000 00011110000  # 🏆
1f947  8 00000000000 00000000000 00000000000 00000010000 00001100000 00011110000 00111111000 00111111000 00011111000 00001110000  # 🥇
026bd 13 00011100000 00011101100 00110001100 01110000000 11110000100 10101101100 00011111100 00011100010 00000000000 00011000000  # ⚽
1f3c0  1 00001110000 01101101100 01110111100 11001111110 10000011100 11000111110 11101011110 00101110100 01111111000 00010110000  # 🏀
1f3ae  8 00000000000 00110001100 01111111110 01111111100 11111111110 11111111111 11111111111 11100000111 11000000011 00000000000  # 🎮
1f3b5  8 00000111100 00011111100 00011111100 00010000100 00010000100 00010000100 00010000100 00110001100 01110011100 01100000000  # 🎵
1f3b6  8 00100000000 00110000010 00100000011 00100100010 01100110010 11100001110 01001001110 00011000000 00011000000 00000000000  # 🎶
1f3a4  8 00000011100 00000011110 00000111110 00001111110 00001111000 00011110000 00101000000 01110000000 11100000000 11000000000  # 🎤
1f3a7  8 00011111000 00111111100 00100000110 01100000110 01000000010 01010001010 01110001110 01111011110 01111011110 00111011100  # 🎧
02600  3 00000000000 00100100000 00011100100 00011111000 11111111000 00111111110 00111110000 01101110000 00001001000 00001000000  # ☀
1f319  3 00000001000 00000000100 00000000100 00000000110 00000000110 00000001110 00000011110 11001111100 01111111000 00111110000  # 🌙
1f308  9 00000001110 00000111110 00001111110 00011111110 00111111000 00111110000 01111100000 01111000000 01111000000 01111000000  # 🌈
02614 12 00010000000 00010011000 00011111100 00111111100 01111111110 01111111000 00000000000 00000000000 00000100000 00001100000  # ☔
02744  7 00000100000 00001110000 01110100110 01110101110 00111111000 00001111010 01110101110 01110100110 00001110000 00000100000  # ❄
026a1  3 00000001000 00000010000 00000110000 00011100000 00111111100 01111111000 00001110000 00011000000 00010000000 00100000000  # ⚡
1f339  1 00011111000 00111111100 00111111100 00011111000 00011111000 00011111000 00001111000 00001110000 00000100000 00000100000  # 🌹
1f338  7 00011110000 00011110000 01111111100 11111111110 11110011110 11101101110 01111011100 01111111100 01111111100 00011011000  # 🌸
1f33a  9 00100111000 01111111000 01111111000 01111111100 11111111110 11111111110 11111111100 01111110000 00011110000 00001100000  # 🌺
1f33b  9 00000100000 00111111000 00111111100 00111111000 01111111100 00111111000 00011111000 00010100000 00011110000 00001000000  # 🌻
1f337 13 00011111000 00011111000 00011111000 00011111000 00011111000 00011111000 00011100100 00011111000 00001111000 00000110000  # 🌷
1f340  3 00010010000 00111111000 01111111100 00111111000 00111111000 01111111100 00111111000 00110010000 00000100000 00000010000  # 🍀
1f30d 14 00011110000 01111111100 01111111100 11111111110 11111111110 11111111110 11111111110 01111111100 01111111100 00011110000  # 🌍
1f355  9 00000111000 00011111000 00111111000 01111111000 01111111000 00111111100 00011111100 00001111100 00000111100 00000001100  # 🍕
1f354  3 00111111000 01111111100 11111111110 11111111110 11111111110 11111111110 11111111110 01111111110 01111111100 00111111000  # 🍔
1f35f  9 00000110000 00010110100 01111111100 00111111110 00111111100 00111111000 00011111000 00011111000 00011110000 00011110000  # 🍟
1f37a 11 00011000000 01111110000 01111110000 01111111000 01111111100 01111110100 01111111100 01111111000 01111110000 00111110000  # 🍺
1f37b 11 00000000000 00000111100 00111111100 00111111111 01111111111 10111111111 11111111110 01111111110 01111011100 01111000000  # 🍻
1f377 13 00001110000 00011111000 00011111000 00011110000 00000000000 00000000000 00000100000 00000100000 00001110000 00001110000  # 🍷
1f942  7 00000011000 00001111100 00011111100 00011111100 00111011100 00111001100 00110000100 00100000100 11000000110 01100000000  # 🥂
02615  7 00000000000 00000000000 00011110000 01101001000 01000001110 01111111010 01111111100 11111111100 11111111100 00111111000  # ☕
1f37f  9 00001100000 00111110000 00111111100 01111111100 01111111100 00111111100 00111111000 00111111000 00111111000 00001100000  # 🍿
1f366 11 00000100000 00000110000 00001110000 00001111000 00011111000 00011111000 00011111000 00001110000 00001110000 00001100000  # 🍦
1f36b  1 00010000000 00111000000 01111100000 11111110000 01111111000 00111111100 00011111110 00001111100 00000111000 00000010000  # 🍫
1f34e  1 00001000000 00000001000 00011111100 00111111110 01111111110 01111111110 01111111110 01111111110 00111111100 00011111000  # 🍎
1f436 13 00111111110 11111111111 11111111111 11111111111 11101110111 01111111100 00111001100 00011001000 00001110000 00000000000  # 🐶
1f431  3 01100000110 01110001110 01111111110 01111111110 01111111110 01101110010 01111011110 01110001110 00111111110 00011111000  # 🐱
1f42d 13 00000000000 01110000110 11110001111 11111111111 01111111111 00111110100 00111011100 00111011100 00011111000 00000000000  # 🐭
1f430  7 00010011000 00110011000 00110011000 00111011000 00011110000 00011110000 00111101000 00111011100 01110011100 00011110000  # 🐰
1f98a  9 00100000100 00110001110 00111111110 00111111100 00111111100 01110110110 01111111110 11111111111 00111011100 00001010000  # 🦊
1f43b  8 01111111110 11111111111 01111111111 01111111111 11101110111 11101011111 11111001111 11111111111 01111111110 00011111000  # 🐻
1f43c 13 00000000000 00001111000 00111111100 01100100110 01000100010 11000100001 11001010011 01110001110 01110001110 00001110000  # 🐼
1f437  7 01101110110 11111111111 11111111111 01111111110 01111111110 11001110011 11110001111 01100100110 01111111110 00011111000  # 🐷
1f438  3 01110001110 01011111010 01001110010 01111111010 11111111111 11111111111 11111111111 01111111110 01111111110 00011111000  # 🐸
1f435  9 00001111000 00111111100 00111111100 01111111110 11110101111 11111111111 01111111110 00111111100 00011111000 00000000000  # 🐵
1f648  9 00001110000 00011111100 00111111100 01111111110 01111111110 01111111110 11111111111 11111111111 01100000111 00000000000  # 🙈
1f649  9 00000000000 00001110000 00111111100 01111111110 01110101110 01111111110 11111111111 11111111111 11100000011 00000000000  # 🙉
1f64a  9 00011111000 00111111100 00111111110 01110101110 11110101111 11111111111 01111111110 00111111100 01111111110 01100000110  # 🙊
1f414  7 00001110000 00011110000 00111110000 00111111000 11111111000 00111111100 00111111100 00111111110 00111111110 00001010000  # 🐔
1f427  8 00001110000 00111010000 00011111000 00011111000 00111111000 00111111100 00111111100 00111111100 00001111100 00001110000  # 🐧
1f98b  8 00000000001 00000000111 11100101111 11111111111 01111001110 01111111110 00011111110 00011111110 00001100000 00000000000  # 🦋
1f41d  8 00000111000 01010111010 00110110110 01111111110 01001111110 01111111001 01111110100 00111110100 00111110000 00001100000  # 🐝
1f40d 11 00111000000 00110100000 01111100000 00011100000 00011000000 00111000000 00111111000 00111111000 00111111110 00011111000  # 🐍
1f422  8 00001111000 00011111100 01111111110 10111111111 10111111110 11111111110 01111111110 01111110000 00100110000 00000000000  # 🐢
1f41f 12 00000000000 00001100000 00011110000 01111111000 11011111111 11111111110 01111111001 00111111000 00000000000 00000000000  # 🐟
1f42c 14 00011110000 00111111110 01101111100 01111111100 01111111100 00000101100 00000001100 00000111000 00000100000 00000100000  # 🐬
1f984 13 00000000000 00011100000 00111111000 00011111100 00010111110 00111111110 01111111110 01100111110 00000111110 00000111100  # 🦄
1f697  1 00000000000 00001111100 00011111110 01111111111 11111111111 11111111111 11111111111 00110000110 00000000000 00000000000  # 🚗
02708 12 00000000110 11111101110 00111111100 00001111000 00001111100 00011111100 11111001100 00110001100 00110000100 00010000000  # ✈
1f680  8 00000000110 00000011110 00000111110 00001111100 01111111000 11111110000 01111100000 01111100000 01111100000 00001000000  # 🚀
1f3e0 13 00001100000 01111110000 01111111000 01111111100 11111111110 01111111100 00111111000 01111111100 01111111100 00011110000  # 🏠
1f3e1 11 01100000000 01110000000 11111110000 11111111000 11111111100 11111111110 01111111100 01111111110 11111111111 11111111111  # 🏡
026ea 13 00000000000 00000000000 00001100000 00001100000 00001100000 00011110000 00111111000 01111111100 01111111000 01111111100  # ⛪
1f3d6 13 00000100000 00011111100 00111111110 01111111100 00111110000 00000100000 00000011000 00000111110 00111111110 00111111100  # 🏖
023f0 13 00110101100 01111111110 01111111110 00111111100 01111111110 01110011110 01111111110 00111111100 00111111100 00001110000  # ⏰
1f4c5 13 10111111110 10111111110 11111111110 11111111110 11111111110 11001000110 11101100110 11101101110 11101001110 11111111110  # 📅
1f4cc  9 00000011000 00000111100 00000111110 00111111110 00111111100 00111110000 00011110000 00101110000 01000000000 00000000000  # 📌
1f4cd  9 00001110000 00011111000 00011111000 00011111000 00001110000 00000000000 00000100000 00000100000 00000100000 00000000000  # 📍
1f514  3 00001100000 00011110000 00111111000 00111111000 00111111000 00111111000 01111111100 01111111100 10000000010 01000000100  # 🔔
1f512  3 00001110000 00011011000 00010001000 00010001000 00111111100 00111111100 00111011100 00111011100 00111011100 00011111100  # 🔒
1f4a1  3 00011110000 00111111000 00111111000 00111111000 00111111000 00011110000 00011110000 00011110000 00000000000 00000000000  # 💡
1f4f1  8 00011111000 00000000000 00000000000 00000000000 00000000000 00000000000 00000000000 00000000000 00000000000 00000000000  # 📱
1f4bb  8 01111111110 01111111010 01111111010 01111100010 01000000010 01000000010 01111111110 01111111110 11111111111 00000000000  # 💻
1f4f7  8 11110000000 11111111111 11111111111 00001001000 10000110001 10000111001 10000111001 10000000001 10001111001 00000000000  # 📷
1f4da  8 00011000000 01111110000 11111111100 11111111100 00111111100 00111111100 00001111100 01101100100 00011011000 00000100000  # 📚
0270f 11 01100000000 11100000000 11001000000 00011100000 00111110000 00011111000 00001111100 00000111100 00000011110 00000000110  # ✏
1f4b0  3 00000011100 00000011100 00000001100 00011111000 00110001100 01110001100 01111011110 01110001110 01110011110 00111111100  # 💰
1f4b8  8 00010011000 01110111100 01111111110 00011111111 00011111110 00111111110 00111111111 00011111111 00001110011 00000000000  # 💸
02705  8 11111111110 11111111110 11111111110 11111111110 11111111110 11111111110 11111111110 11111111110 11111111110 11111111110  # ✅
0274c  9 11000000110 11100001110 01110011100 00111111000 00011110000 00011110000 00111111000 01110011100 11100001110 11000000110  # ❌
02757  9 00001100000 00001100000 00001100000 00001100000 00001100000 00001100000 00001100000 00000000000 00001100000 00001100000  # ❗
02753  9 00011110000 00111111000 00100011000 00000011000 00000110000 00001100000 00001100000 00000000000 00001100000 00001100000  # ❓
0203c  9 00011011000 00011011000 00011011000 00011011000 00011011000 00011011000 00011011000 00000000000 00011011000 00011011000  # ‼
02049  9 01100111000 01101101100 01101001100 01100001100 01100011000 01100010000 01100110000 00000000000 01100110000 01100110000  # ⁉
026a0  3 00001100000 00001100000 00011110000 00010010000 00110011000 00110011000 01110011100 01111111100 11110011110 11111111110  # ⚠
1f6ab  1 00011110000 01100001100 01100000100 10010000010 10001000010 10000100010 10000010010 01000001100 01100001100 00011110000  # 🚫
1f534  9 00011110000 01111111100 01111111100 11111111110 11111111110 11111111110 11111111110 01111111100 01111111100 00011110000  # 🔴
1f7e2  8 00011110000 01111111100 01111111100 11111111110 11111111110 11111111110 11111111110 01111111100 01111111100 00011110000  # 🟢
1f535  4 00011110000 01111111100 01111111100 11111111110 11111111110 11111111110 11111111110 01111111100 01111111100 00011110000  # 🔵
026ab  8 00011110000 01111111100 01111111100 11111111110 11111111110 11111111110 11111111110 01111111100 01111111100 00011110000  # ⚫
026aa  7 00011110000 01111111100 01111111100 11111111110 11111111110 11111111110 11111111110 01111111100 01111111100 00011110000  # ⚪
1f197  7 11111111110 11111111110 11111111110 11111111110 11111111110 11111111110 11111111110 11111111110 11111111110 11111111110  # 🆗
1f198  9 11111111110 11111111110 11111111110 11111111110 11111111110 11111111110 11111111110 11111111110 11111111110 11111111110  # 🆘
1f451  3 00010001100 10010100001 10010101001 01111111100 01111111110 01111111110 00111011100 01111001110 01111111110 00111111100  # 👑
1f48e  7 00011111000 01111111100 01111111000 11111111111 01111111110 00111111100 00111111100 00011111000 00001110000 00000100000  # 💎
1f3af  9 00011110000 00111111100 01111111000 11111111000 11111110110 11111111110 11111111110 01111111110 01111111100 00011111000  # 🎯
1f3c3  8 00000100000 00001000000 00001100000 00111100000 00001110000 00001100000 00001100000 00011111100 00010000000 00110000000  # 🏃
1f483  1 00001000000 00011110000 00011110000 00011100000 00011100000 00001111100 00001111100 00001111100 00011111000 00111100100  # 💃
1f57a  7 00000000000 00100000000 00110000000 00011110000 00011101000 00011100000 00011100000 00110110000 00010011000 00000000000  # 🕺
1f937  1 00001110000 00011111000 00111111000 00110101000 11111111011 01011111110 01111111110 01111111110 00111111110 00001111000  # 🤷
1f926  1 00000001000 00100000100 00000010000 00001111000 00011111000 00111111100 00011111000 00011111000 00111111100 01111111110  # 🤦
1f64b  9 00110001000 00110000000 01110000000 01100111000 01100110000 01111111000 01101111000 01111111000 01111111100 00111111110  # 🙋
1f476  3 00000000000 00011101000 00110001100 00111111100 01111111110 01101110110 01101110110 01111111110 00111111100 00011111000  # 👶
1f466  8 00011111000 00111111100 01111111110 01111111110 01111111110 01111111110 01111111110 00111111100 00011111100 00001110000  # 👦
1f467  8 00011110000 01111111100 01111111100 01111111100 01111111100 01111111100 01111111100 01111111100 11111111110 11111111110  # 👧
1f468  1 00011110000 00100001000 01000000100 01000000100 00111111000 01101101100 01111111100 00111111000 00111111000 00011110000  # 👨
1f469  8 00011111000 00111111100 01111111110 01111111110 01111111110 01111111110 01111111110 01111111110 01111111110 01111111110  # 👩
1f474  3 00011110000 00111111000 11111111110 11111111110 11111111110 11001100110 11111111110 01111111100 00111111000 00011110000  # 👴
1f475 11 00011110000 00111111000 00111111000 01111111100 01111111100 01111111100 01101101100 00111111100 00111111000 00011110000  # 👵
